Equinoccio de primavera
-6 -11.9951 89.1224 -23.5302 -0.36045
-5 2.858 91.2182 -100.132 2.12928
-4 17.6991 93.4273 -15.6399 0.936671
-3 32.5017 96.1083 -7.80336 0.835083
-2 47.2126 99.9495 -4.55841 0.799628
-1 61.677 106.903 -2.57839 0.783508
0 75.1436 125.824 -1.0754 0.776294
1 80.9699 192.846 0.17667 0.774727
2 70.899 243.301 1.54688 0.777979
3 56.9034 256.015 3.16244 0.78761
4 42.3249 261.533 5.4303 0.808343
5 27.5741 264.869 9.53627 0.856368
6 12.7548 267.341 22.0644 1.02488
7 -2.09274 269.479 136.825 1.24516
Solsticio de verano
-6 -5.87685 65.2689 -44.1206 -20.3223
-5 7.73284 67.2709 -33.9623 -14.227
-4 21.4755 67.8857 -11.7742 -4.78444
-3 35.203 66.8871 -6.51829 -2.78202
-2 48.7062 63.3327 -3.92449 -1.97101
-1 61.4941 54.3334 -2.2061 -1.58329
0 71.8209 30.7063 -0.838412 -1.41169
1 74.0862 346.502 0.332741 -1.38621
2 66.1194 312.454 1.63328 -1.49423
3 53.9561 299.32 3.17246 -1.78177
4 40.6482 294.134 5.31464 -2.38115
5 26.9774 292.29 9.08866 -3.72561
6 13.222 292.315 19.6872 -8.08016
7 -0.458559 293.76 571.772 -251.707
Equinoccio de otoño
-6 -7.07192 90.0276 -40.3034 0.0193949
-5 7.77868 92.1287 -36.5769 1.35954
-4 22.6076 94.4612 -11.9708 0.933966
-3 37.3819 97.4556 -6.48869 0.849134
-2 52.026 102.061 -3.81663 0.815482
-1 66.2865 111.356 -2.04544 0.799804
0 78.6037 141.927 -0.621506 0.793393
1 78.6037 218.073 0.621506 0.793393
2 66.2865 248.644 2.04544 0.799804
3 52.026 257.939 3.81663 0.815482
4 37.3819 262.544 6.48869 0.849134
5 22.6076 265.539 11.9708 0.933966
6 7.77868 267.871 36.5769 1.35954
7 -7.07192 269.972 40.3034 0.0193949
Solsticio de invierno
-6 -11.3909 112.434 -22.9395 9.47081
-5 2.26829 114.063 -115.261 51.4692
-4 15.6754 117.182 -15.8497 8.13932
-3 28.5946 122.296 -7.75372 4.90087
-2 40.5898 130.511 -4.43675 3.79087
-1 50.7647 143.847 -2.40876 3.29681
0 57.3427 164.576 -0.852312 3.08927
1 58.1726 188.721 0.470537 3.06756
2 52.969 211.4 1.96523 3.21962
3 43.5353 226.539 3.81971 3.61977
4 31.9094 235.882 6.64781 4.504
5 19.1812 241.682 12.6531 6.81816
6 5.87582 245.264 44.1265 20.3298
7 -7.73333 247.266 33.9588 14.2292
