Equinoccio de primavera
5 -1.26186 90.2433 -2042.92 8.67646
6 11.9448 97.3998 -210.944 27.396
7 24.9233 105.347 -93.3875 25.6307
8 37.3493 115.204 -53.3518 25.1104
9 48.6029 128.851 -30.8932 24.8841
10 57.3568 149.273 -14.729 24.7796
11 61.1768 177.926 -0.896324 24.7464
12 58.6075 205.582 11.8575 24.768
13 50.6155 227.715 27.3308 24.8559
14 39.7224 242.45 48.0181 25.0504
15 27.4666 252.88 82.7316 25.4836
16 14.5669 261.103 171.085 26.7816
17 1.38656 268.348 1858.37 53.5986
18 -11.842 275.462 213.642 -20.4282
Solsticio de verano
4 -0.526302 62.9023 -4361.04 -2231.44
5 11.5909 69.4558 -205.446 -76.9941
6 24.209 75.2267 -96.7788 -25.5218
7 37.1565 80.6519 -58.5902 -9.64504
8 50.3082 86.2778 -37.2701 -2.42465
9 63.5439 93.271 -22.3567 1.27773
10 76.6007 106.71 -10.2672 3.08223
11 85.4446 180 2.67132e-07 3.58538
12 75.7519 254.748 11.0245 3.0061
13 62.6621 267.289 23.2379 1.10022
14 49.4273 274.12 38.4329 -2.76843
15 36.2858 279.709 60.4142 -10.3361
16 23.356 285.142 100.59 -27.2211
17 10.7652 290.952 221.03 -84.6327
18 -1.31065 297.574 1743.45 -910.435
Equinoccio de otoño
4 -10.1784 85.6871 -249.931 -18.8489
5 3.05621 92.7718 -841.843 40.7581
6 16.2094 100.098 -152.398 27.1416
7 29.0384 108.542 -76.8464 25.7757
8 41.1475 119.413 -44.8603 25.2907
9 51.7391 134.943 -25.1193 25.0698
10 59.129 158.173 -10.0021 24.9724
11 60.8485 186.167 2.69628 24.9544
12 56.2363 213.775 16.7244 25.0063
13 47.0645 233.076 33.4712 25.1526
14 35.623 246.076 57.4064 25.4676
15 23.1115 255.605 102.132 26.2131
16 10.095 263.401 251.082 29.0465
17 -3.12238 270.518 824.9 -7.45212
Solsticio de invierno
5 -9.123 111.783 -260.215 103.988
6 2.86623 118.547 -789.524 429.523
7 14.0296 126.685 -144.418 107.589
8 23.9281 136.804 -69.4179 73.9319
9 31.8964 149.516 -36.6804 62.3109
10 37.0448 165.015 -15.4152 57.5926
11 38.5412 181.173 1.15635 56.4775
12 36.2864 198.283 19.2275 58.1966
13 30.4976 213.255 41.8964 63.8904
14 22.0779 225.41 79.009 77.8864
15 11.8812 235.08 175.377 122.437
16 0.523614 242.898 4383.26 2243.24
17 -11.5931 249.451 205.399 76.9959
